15	122	93	42	107	89	23	90	99	142
66	55	176	48	171	154	17	10	149	191
96	31	115	81	34	113	54	114	187	183
2	113	114	164	187	54	180	72	31	81
186	151	73	21	58	160	143	114	20	50
65	18	45	27	199	40	124	29	135	159
87	132	138	46	52	119	41	83	189	126
27	197	139	179	169	65	18	53	159	29
173	82	34	33	63	19	133	145	96	92
60	82	172	8	173	90	116	37	54	183
17	149	66	55	48	180	191	154	176	72
136	150	88	70	22	32	18	188	45	140
85	148	121	13	52	145	182	43	132	111
62	85	120	133	155	145	43	162	189	121
131	145	138	30	87	132	46	63	158	119
93	42	0	122	107	89	142	167	141	90
143	170	98	160	71	38	78	21	196	74
191	10	66	55	176	154	171	149	48	1
65	29	45	199	32	5	40	112	68	188
183	54	96	33	92	134	2	187	34	166
51	47	160	58	186	50	94	151	73	10
80	143	71	174	98	106	195	4	86	113
113	28	114	134	95	112	57	31	186	104
161	144	99	152	148	130	178	0	37	90
159	112	39	179	29	181	128	45	40	32
94	160	49	47	190	151	98	129	50	174
77	149	48	10	180	176	37	55	157	65
65	53	159	5	139	124	18	135	179	29
112	134	95	140	45	183	54	104	68	61
18	188	24	32	65	112	40	39	159	68
14	63	145	33	138	87	34	155	131	62
114	113	2	81	91	195	137	187	115	164
112	18	95	45	140	40	199	188	29	104
34	96	63	183	19	54	92	2	30	187
33	96	2	187	54	92	183	19	63	115
54	92	183	31	104	19	113	114	134	57
35	54	104	183	31	19	92	187	34	113
187	166	183	92	123	54	164	72	104	19
196	170	74	78	97	163	71	195	137	174
24	159	40	128	29	53	181	179	112	188
140	112	39	32	188	45	18	29	199	24
6	132	87	138	153	46	141	175	167	83
93	15	89	107	167	142	141	122	0	175
121	85	133	120	189	13	62	162	141	155
88	79	136	122	0	84	11	150	15	18
112	140	18	199	65	95	32	28	40	5
132	52	6	87	138	126	175	189	119	162
20	94	160	151	50	191	17	186	51	10
176	154	10	180	149	66	1	55	17	164
75	25	47	190	17	160	94	191	151	50
58	73	51	20	160	186	47	94	151	114
58	20	160	50	186	174	94	151	196	73
189	162	126	46	132	87	83	6	85	175
159	27	39	124	139	29	135	65	24	18
183	19	96	2	92	187	34	33	134	118
66	17	149	10	171	176	154	191	1	48
72	76	17	10	94	98	164	191	180	127
113	114	31	91	35	164	67	22	2	180
50	73	51	186	20	160	143	151	4	94
195	114	69	31	102	81	78	137	113	2
9	90	198	104	116	37	148	19	82	111
180	187	95	28	54	3	164	183	104	72
155	13	120	133	145	33	121	43	63	14
30	33	145	34	14	92	133	62	96	19
67	10	17	191	180	160	66	186	55	3
18	45	27	5	157	199	29	124	197	32
154	55	176	17	10	1	191	48	149	171
64	113	91	57	114	186	160	31	180	22
95	18	112	28	104	45	32	29	188	140
137	195	74	78	115	102	129	163	31	59
55	10	159	17	66	112	168	180	20	22
74	163	196	86	106	195	38	170	137	78
164	187	113	183	2	31	180	3	114	81
58	186	50	4	151	160	51	114	20	143
38	196	137	163	170	78	71	195	69	174
49	181	128	191	25	188	24	112	47	55
21	113	94	160	98	80	25	195	3	56
157	26	65	176	199	149	48	55	154	10
137	195	115	196	163	74	38	170	69	146
122	44	15	0	136	42	93	23	90	89
106	174	86	71	21	38	98	74	129	170
2	31	115	114	137	113	195	54	187	78
8	173	33	19	34	145	62	133	63	90
108	162	189	126	52	119	175	132	6	85
150	0	122	88	136	156	79	11	15	117
189	162	52	43	108	13	142	141	148	175
106	71	80	74	174	129	98	195	21	137
138	6	132	46	52	14	131	119	145	155
136	150	44	11	84	122	188	0	79	18
142	93	107	141	167	42	85	90	175	15
198	142	89	111	148	85	177	107	82	12
31	114	113	81	195	2	51	58	186	137
183	54	34	19	123	187	2	96	33	37
42	167	89	107	141	15	142	175	85	108
190	160	47	25	51	50	20	58	98	186
104	140	183	28	112	54	32	45	134	68
33	2	34	54	19	183	187	92	115	81
103	196	38	163	170	78	74	195	102	71
174	106	71	160	80	151	86	16	21	74
130	23	109	152	148	107	144	161	0	93
156	117	99	35	18	32	45	104	95	199
64	55	10	191	17	180	3	113	47	164
196	103	74	69	78	38	195	97	59	137
97	196	102	78	38	163	195	74	170	137
95	183	54	140	19	134	118	32	187	28
110	161	193	178	152	144	130	23	148	169
80	86	174	71	74	98	129	38	21	137
89	142	93	42	15	111	141	167	90	148
83	162	189	126	175	52	141	85	167	132
99	144	130	23	193	152	110	105	93	107
193	105	161	178	152	144	23	130	148	93
142	85	90	148	12	153	89	107	198	46
140	28	45	24	95	32	40	194	159	29
114	31	2	164	72	195	81	91	3	187
31	113	2	81	91	195	3	164	59	72
137	78	195	2	81	69	163	96	31	34
172	8	173	82	90	111	19	198	183	133
32	18	45	199	68	65	104	29	95	188
54	183	19	92	104	134	2	96	187	164
138	132	83	6	87	52	126	131	46	162
62	133	13	155	121	43	145	85	33	19
43	120	85	62	155	13	12	133	145	175
15	0	42	93	79	90	107	142	89	84
92	183	54	187	19	37	166	34	134	95
65	27	53	18	5	159	29	199	45	197
68	18	37	45	104	135	140	28	134	164
162	52	189	83	132	108	175	46	119	85
3	2	164	72	187	180	113	183	96	54
181	24	39	188	75	159	29	32	112	53
174	74	106	69	86	80	151	71	98	38
152	148	161	99	85	142	90	89	23	93
14	138	145	132	87	158	119	126	46	52
138	87	46	6	52	119	126	131	189	14
120	13	62	43	33	145	85	63	34	121
28	19	54	183	104	95	187	118	92	123
53	5	27	159	18	40	29	65	139	168
88	150	11	188	180	140	104	95	37	68
78	115	195	69	163	74	2	196	170	71
87	132	131	6	14	119	46	52	41	126
179	159	27	29	24	53	169	147	194	65
112	40	95	45	28	104	183	32	199	188
167	175	189	89	108	85	93	162	142	41
89	107	111	85	90	141	153	93	148	175
186	160	16	21	196	58	38	71	98	195
23	109	178	110	161	99	193	105	152	15
14	131	63	30	87	13	155	138	62	33
195	163	78	137	170	115	74	71	69	196
139	179	159	27	40	65	5	194	53	18
152	85	161	12	177	130	142	111	90	89
10	55	48	176	66	17	154	180	26	191
84	136	88	11	36	0	117	104	68	37
174	186	160	98	4	47	106	129	80	51
148	161	130	85	12	182	142	105	52	23
41	132	142	46	85	87	6	141	52	167
176	66	48	55	10	17	1	149	191	171
62	120	13	87	145	14	121	85	6	30
100	117	18	99	29	23	45	65	32	68
65	77	199	18	55	149	32	45	26	171
131	14	145	132	138	119	41	182	126	87
179	24	139	39	53	112	29	27	168	40
186	51	94	143	98	151	20	174	47	50
152	148	178	130	23	110	105	85	165	93
189	108	83	126	52	85	132	175	141	87
137	74	170	196	78	195	71	38	97	146
72	187	113	183	2	3	180	31	114	54
166	37	148	187	123	182	152	161	92	183
183	19	37	54	92	123	187	134	96	34
141	93	89	175	108	189	85	162	52	41
159	112	24	32	140	179	28	40	65	18
179	139	159	40	112	199	27	5	45	24
38	163	74	196	78	137	71	97	195	16
55	17	66	1	176	191	154	149	10	48
173	8	192	116	82	198	90	92	166	19
8	82	133	33	34	172	145	198	63	19
106	129	80	98	74	151	86	71	38	160
189	108	126	141	83	52	162	46	167	85
154	66	48	55	17	1	10	149	171	191
148	90	85	111	142	89	198	12	152	46
161	193	110	105	152	23	144	148	93	130
139	159	24	169	194	112	39	29	40	45
48	10	61	187	164	3	72	113	149	17
128	24	188	39	75	29	159	112	32	53
145	13	85	12	148	155	187	92	62	123
54	19	92	187	96	2	33	104	95	134
95	199	140	28	104	112	45	32	18	183
18	45	68	32	95	28	112	117	140	104
160	73	58	143	4	151	20	51	114	50
164	34	183	54	2	72	96	92	19	37
29	32	40	18	181	128	140	68	112	45
162	108	83	52	126	175	85	132	141	6
94	25	20	47	160	58	51	49	50	151
17	66	55	10	176	47	171	154	149	20
198	173	90	148	133	172	82	177	85	111
110	178	105	152	161	167	141	93	144	148
112	179	28	95	24	45	159	140	139	68
137	78	196	163	115	69	74	71	146	38
38	97	78	195	74	163	170	103	71	102
65	27	157	18	124	7	53	29	5	188
90	142	148	111	177	192	85	12	89	173
45	18	65	32	40	157	140	5	112	95
1673.51	1680.93	2000	2027.6	2105.36	2227.22	2243.53	2251.74	2285.92	2302.03
1440.81	1488.81	1530.7	1533	1583.33	1589.77	1661.82	1750	1799.05	1835.34
1110.59	1152.73	1169.51	1181.56	1198.22	1224.72	1235.61	1248.58	1286.58	1294.27
1371.01	1459.9	1472.33	1505.93	1512.68	1517.57	1556.64	1574.51	1596.24	1606.55
1405.68	1472.08	1481.95	1593.05	1653.89	1685.72	1742.6	1759.86	1771.94	1788.08
1534.25	1578.2	1599.79	1719.39	1745.71	1757.12	1866.91	1914.19	1915.38	1929.43
1027.04	1153.32	1156.99	1222.94	1300.92	1361.49	1430.47	1481.15	1481.48	1516.03
1999.23	2177.81	2197.41	2299.34	2302.25	2321.28	2353.95	2423.33	2481.15	2496.22
1507.36	1761.46	1775.79	1784.42	1868.3	1912.67	1922.39	1965.92	1974.93	1991.01
2334.77	2340.16	2456.46	2483.39	2583.44	2599.75	2608.38	2660.54	2688.28	2706.38
1170.85	1321.66	1340.91	1355.01	1362.31	1408.78	1489.35	1501.67	1536.53	1705.69
2348.09	2433.37	2464.43	2621.14	2715.37	2778.52	2783.63	2792.36	2820.73	2829.09
1560.76	1627.71	1675.77	1712.2	1713.76	1733.26	1754.3	1763.84	1772.7	1773.41
1337.99	1399.78	1415.33	1427.43	1451.55	1478.56	1592.05	1657.56	1659.99	1662.58
899.503	1087.47	1179.9	1252.93	1308.65	1335.47	1570.89	1580.84	1593.83	1601.33
1455.23	1495.83	1673.51	1674.47	1691.04	1722.15	1912.86	1950.93	1972.34	2017.08
1426.94	1498.89	1544.72	1585.89	1637.3	1705.33	1714.76	1718.22	1723.66	1760.51
1124.41	1170.85	1222.59	1320.4	1437.27	1527.23	1565.56	1615.29	1634.79	1661.82
1180.41	1366.11	1385.77	1509.52	1513.92	1578.2	1637.21	1657.99	1662.5	1680.23
1045.83	1145.35	1254.95	1312.09	1326.28	1336.89	1343.83	1375.14	1390.88	1470.37
1265.68	1412.49	1458.29	1478.66	1501.63	1521.83	1662.81	1677.02	1677.95	1723.83
1407.28	1492.78	1498.38	1525.9	1561.05	1564.66	1585.17	1593.05	1609.27	1628.81
1614.1	1732.96	1804.63	1867.26	1872.58	1873.93	1891.69	1902.07	1907.25	1908.32
1828.16	1941.24	1954.65	1959.52	2019.68	2106.15	2130.22	2243.53	2315.6	2323.49
1323.38	1338.54	1344.43	1451.98	1528.83	1576.82	1654.8	1680.29	1724.18	1753.1
1495.68	1696.4	1726.93	1739.31	1763.14	1775.02	1810.02	1850.38	1854.71	1867.37
1709.21	1711.69	1786.88	1889.64	1964.68	1970.75	2013.04	2024.12	2025.36	2030.49
1505.82	1559.87	1717.85	1719.39	1773.44	1793.59	1848.1	1930.3	1941.69	1959.96
1287.34	1293.1	1385.09	1423.98	1565.82	1576.81	1588.09	1607.87	1693.26	1728.81
1366.11	1478.93	1528.83	1579.04	1617.68	1623.38	1652.2	1678.06	1701.49	1765.04
1252.93	1257.87	1413.06	1552.25	1563.2	1629.4	1648.67	1680.76	1696.89	1713.99
798.405	1097.24	1152.73	1248.52	1356.72	1428.43	1515.55	1517.65	1527.24	1548.87
1449.44	1513.92	1514.33	1545.7	1549.3	1561.77	1570.02	1572.3	1579.04	1603.78
1042.9	1092.73	1285.71	1306.05	1312.09	1340.93	1397.28	1424.31	1552.25	1560.25
1042.9	1175.36	1198.22	1203.63	1262.7	1303.32	1376.4	1390.88	1420.85	1538.07
1567	1689.73	1704.18	1730.82	1731.86	1775.08	1823.64	1828.33	1835.79	1839.8
2014.38	2225.92	2326.41	2339.04	2419.68	2426.87	2445.74	2449.44	2461.72	2482.4
1453.57	1498.71	1517.39	1537.91	1594.72	1625.34	1625.57	1646.15	1660.25	1708.28
807.877	967.641	1059.85	1178.03	1179.54	1254.31	1303.98	1352.85	1425.21	1429.8
1344.43	1515.21	1558.96	1654.96	1678.06	1716.26	1744.26	1747.69	1751.57	1909.15
1298.55	1461.69	1558.96	1561.77	1578.53	1584.05	1637.21	1652.2	1673.59	1724.18
1430.47	1436.02	1491.15	1498.14	1548.95	1564.26	1619.48	1645.65	1729.82	1737.86
1289.34	1495.83	1577.53	1668.95	1776.68	1842.34	1846.23	1958.22	2027.6	2242.3
1351.6	1387.46	1484.4	1534.69	1587.5	1592.05	1639.35	1717.45	1720.85	1726.82
2418.6	2444.74	2719.64	2849.84	2940.81	2976.26	3015.22	3017.14	3048.6	3140.18
1290.52	1362.9	1385.77	1412.05	1447.64	1535.9	1545.7	1565.82	1584.05	1599.79
1089.46	1209.44	1222.94	1234.36	1234.93	1333.49	1411.37	1506.51	1508.62	1535.58
1412.49	1485.23	1515.24	1563.83	1645.71	1650.62	1665.65	1692.57	1704.73	1716.95
1282.31	1328.09	1362.31	1395.14	1434.34	1512.21	1533	1557.61	1634.79	1771.5
1686.46	1726.93	1730.6	1911.85	1912.38	1930.45	1933.57	1934.33	1961.25	2016.31
1134.5	1402.78	1456.51	1521.83	1551.16	1579.78	1645.71	1657.89	1659.65	1693.33
1253.4	1265.68	1381.38	1456.51	1575.5	1605.29	1607.53	1633.11	1667.38	1668.68
1165.58	1180.65	1202.64	1209.44	1223.92	1249.67	1256.69	1300.92	1358.64	1376
1559.42	1559.87	1716.26	1826.85	1834.59	1848.97	1909.44	1928.15	1961.89	1986.87
1011.35	1145.35	1180.73	1235.61	1239.91	1246.98	1262.7	1340.93	1347.63	1368.19
1114.61	1320.4	1347.31	1355.01	1408.05	1432.8	1434.95	1483.71	1488.81	1557.61
2077.73	2088.16	2088.31	2164.27	2195.39	2197.53	2207.76	2209.29	2225.57	2230.9
1492.2	1622.52	1677.37	1784.6	1839.8	1854.82	1860.98	1891.69	1935.72	1944.8
1134.5	1204.32	1253.4	1301.41	1478.66	1566.7	1597.47	1645.63	1653.89	1667.38
1510.89	1560.48	1588.55	1600.98	1648.02	1698.57	1733.05	1759.9	1765.93	1772.57
2334.77	2463.81	2515.99	2546.45	2582.94	2601.92	2616.76	2622.54	2636.28	2640.48
1528.47	1675.43	1696.12	1728.81	1744.81	1755.89	1775.42	1776.45	1786.81	1813.09
1290.72	1337.99	1384.88	1441.93	1561.42	1591.31	1614.89	1639.35	1646.55	1687.25
1257.87	1285.71	1309.29	1420.85	1580.84	1605.08	1614.68	1646.55	1648.7	1678.05
1643.43	2010.82	2109.42	2153.17	2158.5	2166.64	2167.68	2168.08	2172.83	2193.25
1180.41	1447.64	1505.82	1534.25	1548.19	1558.39	1617.68	1652.18	1683.2	1692.23
1093.61	1114.61	1186.47	1222.59	1340.91	1440.81	1460.68	1512.21	1554.54	1581.16
1643.43	1775.57	1841.2	1860.98	1872.47	1946.25	1974.05	1982.31	1992.81	1993.04
1612.03	1662.5	1666.37	1693.26	1713.18	1722.12	1741.66	1765.04	1790.85	1792.43
1070.7	1198.82	1224.07	1262.21	1350.1	1401.59	1474.26	1530.52	1583.58	1588.55
2359.57	2413.34	2439.16	2443.6	2485.27	2486.04	2497.88	2500.77	2501.17	2515.71
1153.42	1166.14	1249.12	1257.34	1276.76	1299.3	1303.98	1328.52	1347.6	1365.67
1025.22	1304.49	1439.72	1448.98	1491.29	1559.97	1566.43	1574.51	1575.29	1597.3
1204.32	1268.81	1402.78	1481.95	1637.4	1641.28	1668.68	1677.62	1677.95	1710.81
1059.85	1110.36	1116.27	1117.22	1141.74	1145.39	1153.42	1212.14	1224.07	1278.58
1686.46	1760.07	1848.9	2037.68	2057.89	2065.65	2096.98	2149.58	2160.62	2164.18
1929.79	1948.72	1955.55	2031.36	2047.21	2048.2	2059.85	2066.41	2086.43	2088.16
1608.65	1709.21	1826.66	1872.48	1899.07	1901.17	1904.68	1947.42	1956.02	2051.37
790.221	944.887	976.564	1081.99	1130.45	1145.39	1178.03	1204.47	1262.21	1346.16
2168.66	2444.74	2485.28	2517.16	2640.68	2686.74	2702.9	2709.29	2728.86	2736.07
993.679	1220.84	1310.03	1379.99	1407.28	1437.38	1459.96	1488.54	1515.72	1598.87
1181.56	1248.52	1290.38	1346.97	1373.37	1453.43	1456.77	1503.22	1512.78	1514.44
1761.46	1776.47	1902.73	1905.25	1936.71	1955.56	1967.9	1972.43	1984.37	2000.77
922.093	1051.64	1053.55	1208.13	1256.69	1274.18	1360.75	1387.84	1481.15	1517.98
1926.47	2325.76	2401.95	2508.36	2666.2	2785.87	2877.46	2888.39	2911.9	2946.82
1281.02	1335.41	1358.64	1387.46	1399.59	1399.78	1407.34	1421.48	1447.52	1472.22
1065.13	1257.34	1310.03	1330.84	1333.57	1503.96	1534.93	1597.95	1609.27	1642.11
859.348	1027.04	1043.2	1234.36	1249.67	1308.65	1322.08	1384.44	1438.82	1478.88
2099.79	2341.68	2418.6	2464.43	2508.36	2877.89	2925.19	2994.89	2995.25	2998.56
1289.88	1336.22	1340.17	1383.25	1444.99	1577.53	1599.73	1657.37	1693.54	1722.15
1362.08	1543.16	1657.37	1680.13	1696.58	1788.73	1840.05	1974.66	2000.77	2003.85
1356.72	1367.89	1453.92	1544.92	1665.2	1689.75	1730.52	1740.01	1767.96	1770.22
1212.31	1239.91	1303.32	1326.28	1348.82	1349.75	1373.03	1392.5	1397.28	1537.91
1289.34	1332.62	1336.22	1425.15	1450.48	1455.23	1590.31	1858.19	1858.76	1919.42
1245.94	1390.5	1485.23	1495.68	1607.53	1657.89	1662.81	1667.38	1745.63	1756.69
1214.5	1311.05	1357.24	1385.09	1396.58	1498.76	1514.33	1535.9	1578.88	1612.03
1092.73	1110.59	1175.36	1180.73	1254.95	1267.99	1323.27	1392.5	1485.87	1526.55
999.925	1035.86	1179.54	1276.5	1376.34	1435.52	1485.05	1497.3	1527.41	1676.21
1252.99	1394.67	1399.79	1448.67	1459.96	1467.13	1534.93	1544.72	1561.05	1600.92
1877.52	1954.65	2077.74	2124.62	2159.46	2246.36	2250.84	2273.84	2285.92	2297.47
2113.03	2230.74	2380.09	2404.1	2479.26	2627.35	2634.34	2648.73	2671.31	2703.53
2221.19	2256.7	2261.73	2263.65	2279.59	2298.52	2312.03	2320.78	2352.06	2363.87
1266.25	1294.7	1371.88	1401.59	1420.13	1454.72	1487.65	1527.41	1648.02	1665.83
999.925	1192.37	1294.7	1428.77	1508.58	1524.36	1539.69	1608.04	1713.06	1757.62
1214.5	1307.97	1398.71	1434.84	1489.26	1532.33	1592.69	1603.78	1604.88	1607.87
1658.27	1913.64	1928.45	1932.26	1945.17	2265.53	2307.11	2329.18	2357.02	2541.34
993.679	1065.13	1118.13	1276.76	1296.26	1394.67	1438.13	1511.7	1564.66	1564.83
1340.17	1354.67	1425.15	1668.95	1691.04	1799.67	1841.6	1903.84	1974.66	1975.25
922.093	948.64	1041.63	1279.07	1315.69	1379.88	1389.5	1399.59	1517.07	1602.33
2077.74	2133.72	2385.86	2433.69	2491.36	2520.42	2525.29	2625.82	2656.67	2730.56
1282.31	1658.27	1877.91	1931.61	2033.45	2147.29	2336.31	2398.59	2463.18	2468.28
1395.05	1612.55	1680.13	1681.15	1773.41	1786.15	1795.56	1799.67	1830.73	1848.94
1201.86	1287.34	1290.52	1338.54	1396.58	1449.44	1461.69	1564.69	1594.77	1623.38
1069.29	1097.24	1224.72	1336.38	1439.72	1441.89	1453.43	1453.92	1459.9	1489.27
798.405	1069.29	1248.58	1346.97	1367.89	1470.56	1472.33	1550.87	1560.48	1575.29
856.714	976.564	1144.21	1169.51	1290.38	1350.1	1475.25	1485.87	1527.24	1538.07
2236.65	2292.55	2295.91	2381.2	2424.7	2460.75	2483.31	2495.33	2520.8	2556.08
1657.37	1722.66	1821.52	1839.53	1893.55	1914.04	1936.12	1968.74	1988.27	2038.91
1368.19	1416.53	1488.43	1587.39	1592.69	1617.87	1657.01	1658.03	1660.65	1708.44
1216.55	1237.94	1274.18	1361.49	1384.44	1430.85	1435.12	1441.7	1508.62	1579.89
1384.88	1389.45	1415.33	1422.22	1522.97	1534.69	1611.29	1611.42	1765.61	1801.35
1351.6	1522.97	1542.34	1614.89	1656.02	1662.58	1675.77	1694.73	1768.03	1787
1674.47	1680.93	1958.22	2161.93	2168.66	2176.62	2210.2	2282.18	2286.55	2401.95
1348.82	1396.54	1411.85	1466.7	1473.9	1594.72	1601.67	1624.55	1629.14	1643.55
1652.18	1793.59	1826.85	1864.04	1866.91	1994.72	2007.81	2090.42	2091.73	2124.81
2421.24	2560.57	2599.02	2607.22	2619.69	2627.67	2630.93	2640.64	2652.8	2653.65
1175.34	1202.64	1203	1208.13	1238.95	1279.07	1332.84	1333.49	1435.12	1495.79
1698.1	1755.47	1774.48	1782.11	1794.59	1798.71	1828.55	1866.17	1904	1908.86
1024.51	1654.8	1654.96	1726.54	1848.9	1892.17	1896.54	1904.49	1968.26	2001.57
1177.37	1385.68	1438.13	1474.26	1503.96	1515.72	1584.85	1680.94	1705.28	1713.18
1598.6	1649.54	1784.61	1877.52	1951.29	2002.42	2099.6	2101.24	2106.15	2106.9
899.503	1123.53	1209.66	1286.14	1322.08	1394.41	1441.7	1516.55	1554.5	1559.49
1009.38	1043.2	1089.46	1153.32	1223.92	1237.94	1238.95	1286.14	1306.18	1335.47
1389.45	1427.43	1441.93	1484.4	1565.59	1587.73	1614.67	1614.68	1688.56	1694.73
1293.1	1336.89	1347.63	1363.78	1532.33	1578.88	1591.49	1617.87	1628.69	1629.14
1909.44	1915.38	1930.3	1933.78	1964.86	1970.66	2079.7	2094.59	2128.61	2191.4
2099.79	2180.43	2348.09	2394.01	2402.38	2424.22	2424.96	2435.34	2459.69	2484.06
790.221	856.714	910.617	1070.7	1114.22	1116.27	1295.43	1326.07	1327.16	1347.6
859.348	1009.38	1123.53	1156.99	1179.9	1216.55	1234.93	1427.31	1498.14	1501.23
1231.76	1480.32	1773.44	1788.29	1795.71	1834.59	1835.63	1893.99	1902.67	1926.19
1201.86	1298.55	1311.05	1362.9	1423.98	1434.84	1512.44	1549.3	1737.98	1774.48
1000.93	1338.56	1370.62	1383.25	1389.5	1421.48	1450.48	1521.13	1546.22	1619.48
1289.88	1354.67	1395.05	1407.34	1543.16	1546.22	1584.92	1590.31	1664.87	1665.52
1323.43	1402.14	1426.94	1492.78	1592.46	1597.47	1599.77	1646.03	1653.97	1657.52
1941.24	2133.72	2135.54	2147.29	2181.23	2250.84	2251.32	2265.53	2336.11	2347.89
1087.47	1209.66	1309.29	1413.06	1438.82	1478.56	1492.93	1520.27	1561.42	1569.84
1305.33	1332.72	1346.16	1359.6	1507.72	1568.52	1581.69	1605.36	1631.39	1689.71
1893.99	2103.23	2191.74	2310.89	2314.66	2340.7	2374.59	2391.93	2422.11	2422.64
1309.74	1447.52	1549.02	1627.71	1646.45	1649.54	1664.87	1681.15	1696.58	1742.94
1321.66	1347.31	1434.34	1548.57	1554.54	1615.29	1621.9	1653.72	1711.69	1764.84
1926.47	2180.43	2341.68	2433.37	2577.48	2598	2607.93	2614.29	2643.26	2648
1313.74	1449.05	1449.34	1467.13	1472.08	1563.83	1574.65	1584.85	1602.12	1633.11
1309.74	1462.34	1598.6	1774.5	1894.67	1913.43	1916.98	1945.17	1955.79	1959.52
1548.95	1561.85	1584.92	1610.24	1629.03	1657.79	1669.59	1677.84	1708.95	1738.97
931.923	1093.61	1328.09	1434.95	1501.67	1527.23	1589.77	1621.9	1712.3	1799.69
1290.72	1422.22	1451.55	1478.88	1492.93	1605.2	1656.02	1664.27	1672.8	1680.76
2113.03	2272.84	2311.04	2330.26	2541.87	2546.54	2569.46	2574.24	2581.26	2599.92
1548.19	1608.65	1727.74	1788.31	1909.49	1967.24	1989.27	2005.73	2025.36	2047
1394.41	1593.83	1612.54	1730.1	1746.97	1782.84	1796.47	1821.36	1868.83	1891.95
1255.22	1323.38	1480.32	1515.21	1559.42	1594.77	1701.49	1717.85	1761.67	1785.3
1263.93	1381.38	1390.5	1402.14	1448.67	1449.34	1458.29	1479.18	1515.24	1551.16
1462.34	1549.02	1781.08	1784.61	1828.16	1877.91	1913.64	2036.09	2067.38	2071.2
868.255	948.64	1051.64	1175.34	1180.65	1335.41	1401.71	1408.61	1521.13	1523.02
1114.22	1117.22	1120.6	1124.81	1130.45	1131.58	1166.14	1254.31	1276.5	1332.72
1025.22	1171.59	1336.38	1397.82	1403.67	1505.93	1539.94	1548.87	1550.87	1553.83
1794.73	1850.84	1961.8	1995.99	2022.91	2045.23	2058.56	2067.38	2111.77	2118.28
1432.27	1470.37	1498.71	1529.8	1585	1601.67	1605.01	1653.18	1657.33	1736.88
1000.93	1332.62	1444.99	1468.59	1517.07	1530.9	1571.57	1648.08	1670.57	1729.82
1761.67	1939.39	2079.17	2108.9	2115.94	2117.39	2130.36	2132.35	2132.7	2136.11
1557.18	1835.63	1882.32	2009.57	2009.85	2012.06	2012.82	2042.79	2051.07	2075.74
967.641	1120.6	1141.74	1169.76	1204.47	1327.16	1328.52	1376.34	1406.82	1498.89
1408.05	1565.56	1581.16	1583.33	1602.08	1711.13	1799.69	1857.85	1917.48	2044.61
2044.65	2115.46	2221.73	2236.65	2237.12	2323.54	2325.58	2351.82	2352.87	2372.59
1507.36	1776.47	1954.39	1975.55	2031.37	2044.65	2053.09	2058.04	2062.43	2072.26
1118.13	1177.37	1220.84	1252.99	1278.58	1313.74	1333.57	1369.05	1429.8	1479.18
1249.05	1315.69	1332.84	1338.56	1360.75	1376	1408.61	1411.37	1468.59	1472.22
931.923	1186.47	1282.31	1432.8	1437.27	1530.7	1536.53	1548.57	1602.08	1630.12
1646.45	1840.05	1845.2	1879.31	1908.57	1925.06	1935.6	1976.6	2015.96	2029.28
1781.08	1914.75	1931.61	1932.26	2055.42	2130.22	2135.54	2259.1	2421.35	2463.87
1231.76	1255.22	1451.98	1557.18	1610.59	1629.48	1747.69	1832.89	1914.64	1925.22
1395.14	1408.78	1528.47	1528.85	1539.94	1556.64	1566.43	1603.79	1653.72	1701.21
1024.51	1576.82	1696.2	1744.26	1760.07	1779.11	1806.44	1811.7	1941.41	2083.95
1630.33	1731.27	1744.95	1754.3	1771.79	1772.73	1778.98	1801.52	1802.5	1818.4
1011.35	1045.83	1212.31	1228.33	1267.99	1294.27	1306.05	1307.97	1357.24	1363.78
1811.08	1856.66	1883.17	1923.3	1926.63	1942.16	1951.84	1954.14	2013.99	2082.3
1851.39	1862.82	1913.33	1954.47	1963.43	2002.78	2034.8	2048.55	2052.49	2068.19
1263.93	1268.81	1301.41	1323.43	1405.68	1449.05	1501.63	1575.5	1577.42	1579.78
1171.59	1203.63	1228.33	1246.98	1286.58	1304.49	1323.27	1349.75	1375.14	1453.57
1478.93	1572.3	1578.53	1680.23	1696.2	1726.54	1774.48	1790.85	1800.16	1854.25
868.255	1041.63	1053.55	1165.58	1203	1249.05	1281.02	1306.18	1370.62	1481.48
1245.94	1763.14	1805.51	1832.76	1834.75	1846.95	1868.12	1911.85	1932.33	2061.38
1124.41	1460.68	1483.71	1489.35	1630.12	1650.62	1711.13	1712.3	1764.84	1817.38
1945.58	2134.2	2140.62	2195.58	2208.93	2221.73	2267.76	2291.25	2312.8	2331.02
1282.31	1914.75	1928.45	2067.55	2110.87	2152.06	2196.2	2236.65	2251.32	2300.31
1564.69	1610.59	1758.3	1759.04	1808.82	1812.2	1874.77	1882.44	1902.67	1954.39
910.617	944.887	1099.66	1131.58	1144.21	1198.82	1212.14	1299.3	1305.33	1352.85
807.877	1035.86	1081.99	1099.66	1110.36	1124.81	1169.76	1192.37	1249.12	1266.25
1683.2	2027.47	2114.28	2114.72	2124.81	2177.81	2196.09	2413.22	2561.16	2570.51
1362.08	1705.21	1776.01	1830.73	1935.6	1945.58	1956.73	2024.51	2030.8	2058.04
1412.05	1509.52	1558.39	1570.02	1673.59	1727.74	1737.98	1745.71	1746.99	1839.28